# pairs_indfaints, pairs_indbrights
6612541,6612489
4872242,4872243
13615691,13615698
10343877,10343867
5041404,5041343
10632672,10632688
5466825,5466820
3502535,3502532
5102198,5102231
6333889,6333887
4407920,4407916
13682242,13682225
5315207,5315198
13706340,13706330
4372303,4377882
354505,354506
5574218,5574216
3602752,3602596
11765910,11765906
3805309,3805360
13957544,13957536
13952205,13952204
301114,301115
3963228,3963230
4737224,4737357
3892021,3892025
5475576,5475575
13760455,13760436
3753084,3752982
4673630,4673675
1259551,1259567
4520728,4520733
13818504,13818473
3750466,3750471
12365720,12365728
3888020,3888042
3052188,3052193
2696438,2696387
13723654,13723676
5949429,5949509
2625471,2625464
12097794,12097838
5665630,5665618
11172667,11172677
3878832,3878818
4487403,4487356
5876259,5876285
8197022,8197010
6379331,6378922
5595383,5595333
246470,246617
7334318,7334315
3717728,3717738
9524424,9524274
3483462,3483470
13823519,13823477
13773464,13773453
13599659,13599652
10178127,10178122
13779846,13778346
4769356,4769250
6477712,6477706
4526510,4527091
1717742,1717748
6429540,6429519
13536579,13536570
10786773,10786742
6846307,6846230
13889653,13889643
2166330,2166174
11458744,11459321
2356089,2355994
4407566,4407501
10052922,10052926
13637542,13637525
6463706,6463630
4156121,4156082
5173392,5173396
8141700,8141664
221118,221159
3845888,3845638
422121,422114
1778777,1778769
4831688,4831701
8120741,8120738
9162049,9162023
3824778,3824947
4116103,4116121
6084898,6084893
3719443,3719455
9360124,9360126
4894331,4894335
3848950,3848943
4993198,4993191
10346529,10346523
283278,283890
6602166,6603749
3297906,3297986
4819536,4819544
10072443,10072439
10673454,10673411
4180106,4180105
5948330,5948141
6053417,6053413
12456612,12456627
7699872,7699871
4948674,4948876
3345982,3345979
13153899,13153891
10130897,10130896
3431016,3431015
423810,423813
3585015,3585026
6525747,6525754
3624577,3624657
3677883,3677903
10566588,10566586
5083065,5083063
3387972,3387846
4666062,4666061
4911884,4911879
3970754,3970756
13879766,13882575
311788,312992
13266526,13266567
4464963,4464973
5654219,5654231
2244297,2244301
12588431,12588441
3631136,3631139
1792942,1792935
4491453,4491293
3706398,3706396
4917270,4917267
2052112,2052119
5605293,5605299
7385364,7385361
13988022,13989633
13924813,13924821
6349731,6349734
13131667,13131663
12592468,12592471
2201470,2201466
4954592,4954679
6289461,6289483
4113640,4113627
11472977,11472973
3657051,3656530
13673394,13673390
13830558,13830561
5514637,5514566
5563139,5563113
12282960,12282949
8223798,8223792
11678531,11678523
445573,445882
13730714,13731122
13633387,13633430
11389341,11389333
4754394,4753771
4619920,4619937
4603187,4603188
3945579,3945569
6098971,6098992
13758028,13758056
4553935,4468040
4132278,4132245
9727092,9727089
12266616,12260405
5396522,5396510
13689661,13689441
4660259,4660277
3617503,3617500
4236970,4236965
10846216,10846211
2712313,2712310
13640567,13640569
13875367,13875510
10516718,10516731
11559996,11560002
12580487,12580496
13395752,13395748
7331821,7331964
12680305,12680302
2834340,2834337
3832057,3832089
2602966,2602968
2019731,2019726
1986095,1986100
4425508,4425512
453292,453295
6262833,6262824
6290309,6290306
2707243,2707250
13583909,13583900
13871889,13872050
11800641,11800639
12431940,12431962
4648959,4648945
4220300,4220305
3419247,3419323
6528956,6528960
11454256,11454253
3249901,3249934
11738904,11738898
4307468,4307478
10555378,10555410
698135,698160
4054292,4054306
4861033,4861071
5446916,5446895
4739523,4739538
2692602,2692594
6643976,6643968
1763591,1763580
4957635,4958553
8003870,8003873
12839419,12839430
9978362,9978388
3686420,3686396
544276,544277
12564702,12564700
12075345,12075412
10230958,10230966
6947913,6947921
2158806,2158796
10062151,10062148
1318726,1318731
13685243,13685255
4961278,4961371
13822101,13822110
13975975,13976048
5651644,5651649
3235563,3235555
1152170,1152174
1717480,1717484
2709695,2709700
3726356,3726343
4168282,4168311
13979546,13975215
5390847,5390856
11800606,11800604
4412603,4412600
12168450,12168463
3867791,3867806
4128716,4128696
13857131,13857129
4421714,4421677
10162164,10162157
9127614,9127608
3881946,3881933
13166853,13166873
10529472,10529490
13623546,13623592
4703603,4703590
309293,309287
5195163,5195172
3193770,3193175
6178086,6178061
13641074,13641106
4820555,4820550
13729186,13729213
13870412,13870419
12649600,12649602
5730825,5730612
3758064,3758380
10943751,10943747
2195311,2195296
6237157,6237152
5703783,5703779
13633926,13634023
1768414,1768449
4807749,4807743
13760995,13765001
3739811,3740322
12797202,12797201
13830763,13830728
13200835,13200839
7929126,7929042
5816679,5816645
6477064,6477580
11879782,11879818
6453969,6453961
9747446,9747445
6524285,6524243
13745510,13745518
13283338,13283333
4562999,4564205
3566899,3566892
8261180,8261146
12498987,12499240
6202761,6202762
6137716,6137595
5689189,5689225
3788181,3788172
6366204,6366203
4728968,4728946
6093922,6092352
6028318,6029514
2237853,2237851
3715465,3716135
1613668,1613663
12147901,12148372
3563759,3563755
7271617,7271647
6379827,6379817
9452762,9452761
6300876,6300863
13863878,13863877
5551642,5551641
10281672,10282376
5554774,5554799
13924801,13924784
3891254,3891245
7969802,7969699
10936635,10936631
4779239,4779260
13385626,13385628
4719622,4719629
5090162,5090168
5916241,5916248
5645474,5645570
6405241,6405239
12272641,12272681
3829361,3829364
2853267,2853264
4474764,4474758
5314044,5314222
4675257,4675256
3409442,3409452
12292864,12292868
13759117,13759222
5032780,5032779
13679896,13679139
10223726,10223749
4358911,4358927
5034719,5034556
10424071,10424121
5424675,5424650
6445542,6445562
3764807,3764737
5733360,5733493
11771387,11771386
6449777,6449787
5913528,5913540
2279167,2279172
374750,374745
3932765,3932794
5391651,5391676
4757088,4752983
1475813,1475696
1438424,1438441
9580875,9580877
11138873,11138872
3859333,3860383
3814818,3814827
10450662,10450661
12431451,12431236
2084854,2084853
13729838,13729849
13718311,13718232
13650293,13650199
3554334,3554361
3907800,3907793
13064111,13064116
7258492,7258458
11496880,11496862
10603934,10603933
10049450,10049471
13121588,13120968
13751864,13751886
3406363,3406356
5541771,5541775
6640269,6640276
3582413,3582420
3382993,3383570
4612551,4612512
11073288,11073276
4772305,4772311
3786183,3786198
11377942,11377964
3724451,3724450
12215402,12215397
2706820,2706771
13929771,13929621
2968009,2968010
13872598,13872620
13871815,13871826
6720147,6720104
13554781,13554769
13720364,13720367
6425751,6425748
9161985,9161987
6273403,6273398
13813125,13813108
13795376,13795411
450723,450722
13995639,13995627
6249520,6249523
2953655,2953648
3758894,3758886
2166947,2166943
6005535,6005562
13746671,13746677
13557623,13557618
12197572,12197569
12097853,12097823
12937412,12937409
3913869,3917984
13495744,13495750
13623023,13623035
3131899,3131902
2526279,2526280
3710412,3710446
12797362,12797667
3729920,3731125
12029669,12029664
5505536,5505563
6621384,6621383
4771835,4771774
5212864,5212868
10093448,10093446
12837875,12837874
13626004,13625998
4072117,4072149
1554029,1554028
13851721,13851717
4109939,4106218
12794830,12794833
290291,290303
2991652,2991631
2543371,2543385
12473117,12473402
13727708,13727695
3243993,3243972
6145739,6145738
1829572,1829573
4075828,4075825
5430201,5430202
9261424,9261422
10356135,10356139
13901845,13902156
12592914,12592913
5860359,5860371
13797633,13797780
3936590,3936622
10396814,10396815
6049442,6049434
5624371,5624444
5677410,5677400
3466771,3466696
3219265,3219321
2711701,2711816
12295124,12295133
2744575,2744572
13702700,13702690
3681698,3681701
13793162,13793127
4681867,4681887
5411729,5411724
4739660,4739666
11199192,11199492
3854790,3854786
5710381,5710375
3871429,3871431
3833875,3833807
2463292,2463285
13846069,13845819
11379673,11379670
4421579,4421580
9199336,9199340
5670367,5670375
13686483,13686498
4307555,4307511
10977852,10977853
13640308,13640334
6076731,6076715
5738543,5738552
13692691,13692545
6556303,6556385
12279126,12279146
13748479,13749471
4426701,4426707
13939278,13939265
11022169,11022172
11986630,11986543
12603245,12603238
13594991,13595003
10617847,10617839
5188457,5188460
12186959,12186967
10477446,10477466
3023262,3023255
12278838,12278836
13135975,13135934
13872955,13872922
5024206,4995092
4002402,4002361
6140911,6140921
3898776,3898928
2397463,2397466
13905822,13906433
9608837,9608836
6493237,6493244
1722701,1722733
3468977,3468891
13835916,13835927
4264321,4264281
13519177,13519170
6521672,6521685
13641768,13641753
2646925,2646921
3652381,3659985
5403416,5403407
9149386,9149439
3869273,3869592
13677900,13677929
6182472,6182468
6270364,6270388
1826920,1826912
12092620,12092621
3797883,3797885
4583019,4583079
13587735,13587741
9934578,9934583
6165057,6165655
10673632,10673624
6310657,6311311
13740365,13740370
2078658,2078660
3115186,3139250
3888318,3888421
13726587,13726632
13613006,13612956
3869643,3869598
2166788,2166798
5933056,5933010
3477485,3477483
12552851,12552840
12707866,12707890
2577893,2577813
13539560,13539642
13022620,13022625
10561379,10561382
1729357,1729361
3606444,3606462
1915996,1915969
5870799,5870801
3545019,3545015
7463611,7463608
4557415,4557418
10383694,10383700
10745393,10746927
4914596,4914595
13704532,13704544
4500067,4506762
3624839,3624838
5024153,5024170
9411853,9411851
4624083,4624089
13922125,13922170
3461971,3461966
5786974,5786976
11613175,11613174
13797415,13799218
369025,369194
4303857,4303855
13978301,13978337
4071855,4071786
2384251,2384249
3724827,3724828
446648,446659
13364070,13364067
13720228,13720229
13956250,13956269
13701948,13701864
4386304,4386289
6260127,6260125
9539932,9539903
6474613,6474653
5347383,5346043
12145629,12145657
4591980,4591985
2973817,2973741
12935961,12935959
3301071,3301230
12575718,12575725
2059410,2059413
9127244,9127237
4382375,4382412
8899169,8899179
11394411,11394405
13984604,13984706
2359794,2359791
6473508,6473736
3050557,3050530
4992593,4996004
13190344,13190306
13094441,13094471
3768885,3768863
6091971,6091973
3981625,3981629
2829150,2829152
13729552,13728995
13641174,13641152
6281642,6281555
5400708,5400709
4653991,4653985
5685751,5686002
10578535,10578545
13937693,13937716
6184123,6184165
3430922,3435738
7515925,7515931
13036208,13036206
10709556,10706005
1623329,1623333
4951180,4951193
10832025,10831947
7706980,7706985
10774486,10774475
13631390,13631413
11534971,11534938
4585042,4585049
1679974,1681172
4956808,4956813
5431775,5431629
13351625,13351715
13841872,13841851
10830049,10830093
3348550,3348557
5567673,5567255
4622966,4622670
5373842,5373869
3315337,3315334
3786575,3786588
3634624,3634965
13766285,13766390
8098144,8098151
2263798,2263828
4458363,4458325
10669121,10669111
13910875,13921484
12895048,12895646
3848653,3848610
13577313,13577419
510552,510546
10182384,10182405
3956462,3953698
10220741,10220703
13878997,13879004
4766828,4766839
12693243,12693219
9035514,9035509
5447216,5447225
8232815,8232811
11713897,11713894
11378157,11378192
10302359,10302398
11679720,11679719
11456795,11456784
3668094,3668093
5314789,5314780
1786747,1786752
12885552,12885551
4216948,4216259
2191986,2191855
13331086,13331084
5540937,5541019
11486197,11485868
2454169,2454164
6294116,6293945
4657216,4657219
13874365,13874337
6079185,6079105
11596693,11596697
1627552,1628151
4778654,4778631
1373031,1372974
10697061,10697106
2664702,2664701
13643167,13643159
13853566,13853620
3309356,3309355
12479487,12479484
2686513,2686514
8009144,8009122
13821865,13821518
11395507,11395602
5470294,5470359
11176603,11176611
3473246,3473083
13843527,13843524
3767997,3767949
3873169,3873163
3927415,3927393
2763791,2766142
4699774,4700948
4707263,4707267
11676734,11676776
4525199,4524990
5083472,5083444
13598330,13598320
9084165,9084163
11931102,11931101
4375264,4374958
11715672,11715682
6205074,6205169
1574749,1574745
1574089,1574090
3600552,3600564
13968341,13968338
3616047,3616094
4894827,4894852
2001274,2001271
3780315,3780325
2696500,2696492
3599168,3599203
6399512,6399642
3399836,3399883
4338017,4345393
3906301,3906298
5697989,5698004
12705925,12705922
6049867,6049859
3866129,3866138
5376834,5376839
6608294,6608330
1646021,1646108
13866527,13866521
10648756,10648758
13612062,13612081
12327458,12327464
10472677,10472675
5559022,5556216
13677050,13677011
13005533,13039129
13954748,13954718
12661742,12661748
2898930,2898931
12520196,12520195
7319859,7319770
13739886,13739904
11555089,11555102
3427264,3427268
6064053,6064054
2188388,2188384
13717868,13717836
5425771,5425826
7750217,7755889
4689954,4689951
4551675,4551685
3578892,3578591
3986611,3986607
3986761,3986845
3594119,3594083
4459162,4459161
5443944,5443356
3339940,3339343
4598133,4598290
2226294,2226297
4997723,4997721
3927717,3927726
13557653,13557740
11380588,11380509
12476298,12476392
3302000,3301999
13703248,13703255
4462912,4462760
10782834,10782836
4405470,4405441
4631686,4631881
5424864,5424856
2738427,2738426
3821587,3821585
6428868,6428867
6008965,6009002
3810674,3810661
5837690,5837691
11500020,11499972
5466678,5466672
5681175,5681172
11361748,11361765
12193055,12193053
3887156,3887142
10534295,10534304
10826149,10826151
4386254,4386257
11514454,11514457
12603521,12603532
13759049,13759027
8245876,8245875
9804754,9804759
601093,601087
5675461,5675421
11522631,11522689
4775997,4776282
13669804,13669806
5114615,5114579
13644978,13644967
11813378,11813366
3639388,3639393
3599550,3599542
10009848,10008476
12145022,12145033
10914399,10914427
5398004,5398016
4715817,4715808
13731547,13731565
10440727,10440728
3262802,3262860
13635220,13635285
2972470,2972475
3561112,3565993
10782062,10782055
11462203,11462205
4632364,4631512
3950169,3950129
1226002,1226011
13083692,13083777
6100965,6100959
5283842,5283817
11596457,11596445
3223736,3223735
4689890,4689880
11110991,11110975
11586775,11586752
3552244,3552580
3599197,3599189
3873146,3873139
10403356,10403355
13720597,13720776
5264989,5265146
3870303,3870283
11402500,11402330
3716995,3716994
13576468,13576467
4805647,4789221
4727556,4727553
3779235,3779300
13698937,13697894
13729930,13729999
13667349,13667313
13602992,13602997
5013073,5013078
4777406,4777452
1202671,1202631
3027803,3027801
4639439,4639446
5895198,5895192
5417842,5417730
5896882,5896885
6661475,6661476
3605782,3605819
4057216,4057177
3214445,3214463
3653295,3653301
13861307,13860808
568279,568201
5130491,5130497
4067329,4067324
10328338,10328342
3886849,3886829
10930952,10930954
6394530,6394519
4361945,4361955
5579665,5579673
2488417,2488420
3597442,3597435
1389938,1355116
13664861,13664869
12216043,12216041
3759577,3759580
3678545,3524646
13663687,13663560
4802677,4802665
4721541,4721639
4534651,4534650
2513924,2513930
11549456,11549411
4056342,4056350
4941925,4941932
3221133,3221135
2940024,2936856
10739865,10739856
4211830,4211833
2861531,2861537
13766918,13766916
5009630,5009640
4279941,4279951
12307014,12306978
9505134,9505120
13592682,13592644
3805183,3805614
4835751,4835748
4312575,4312565
13625726,13625697
5472192,5471867
4545652,4545637
1982205,1982216
13742953,13742929
2210980,2221059
6252978,6252985
6329577,6329547
13568968,13568929
12734305,12734250
10593501,10593492
3060823,3060819
4284201,4284204
4515577,4515569
5392301,5388085
4689496,4689501
6135582,6135594
10527079,10526933
3877519,3877531
5443384,5443423
13805918,13805881
5413556,5413543
3958016,3958006
3875127,3875129
4434262,4434254
12319849,12319852
10569909,10569856
3954926,3954902
11441234,11441236
5947342,5947271
3606336,3606362
4727993,4727985
6699104,6699131
11372002,11372105
9720771,9720773
5387899,5387904
3636930,3636928
13959073,13959094
3583328,3583338
4605476,4605478
13662764,13662736
13607253,13599830
5793840,5789182
6341782,6341794
5894849,5894844
3785673,3785675
12622877,12622891
13812324,13812337
4415553,4415236
3991391,3991386
10514896,10514898
3621226,3621427
5499707,5499673
13747328,13747346
5730923,5730931
2081665,2081653
13647131,13647163
6521156,6521092
2070621,2070622
4440577,4440576
12451344,12451315
9929699,9929704
5321753,5321757
13798090,13798700
3270498,3270487
5790312,5790269
6311794,6311799
6928467,6928316
5337360,5337237
9319363,9319346
326291,326258
11473384,11473383
10896652,10896648
12739225,12739221
4092074,4092102
807201,807190
4567615,4567622
12749312,13196951
2635854,2635847
11642622,11642633
12141716,12141715
2331446,2331456
9731607,9731601
5443325,5443345
5325331,5325325
1191113,1190187
3641283,3641242
11481066,11481069
4993734,4993739
2276985,2275625
5713570,5713566
13704810,13704748
10151063,10151062
5895863,5895987
2715566,2715263
4255537,4255450
4362340,4362377
12374300,12374254
1575055,1575057
4879274,4879366
5602231,5602304
4745047,4745053
5496009,5496016
13817052,13816992
3581561,3581550
3335739,3333335
1721796,1721834
4780249,4780252
6986925,6986927
8093796,8093783
5035594,5035531
7951872,7956647
13747926,13748312
4272258,4272863
13461607,13461569
4715907,4715904
6607451,6607379
13659822,13660422
1399172,1399202
4382857,4382862
6317442,6317441
2775407,2775409
4603103,4603160
3666122,3666197
4635865,4635761
6523655,6523643
13581017,13581123
6405984,6405934
6241504,6241523
11310161,11310157
10526627,10526652
11731731,11731727
13830458,13830477
4799073,4799054
6398629,6398076
4584097,4584099
3518396,3518325
4666926,4666918
5679352,5679347
4775488,4775460
13612806,13612862
3952016,3951991
10097694,10098129
6522892,6463697
4757996,4758003
3295819,3294607
4611303,4611328
4420740,4420733
5606570,5606579
2565139,2565135
10815443,10815438
13767243,13767270
13568712,13568709
4751108,4731547
3760426,3760394
13637501,13637463
5331999,5331859
3495983,3495980
2333691,2333690
4816762,4816716
10804682,10804640
11929172,11929176
4494555,4494575
3644139,3643613
4000749,4000750
12295847,12295839
2451532,2451537
4574505,4574491
3865297,3865308
6525936,6525938
11900957,11900960
8208335,8208340
3329669,3329665
10186255,10186253
13875300,13874434
12992111,12992112
3877862,3877810
5832724,5832840
12374240,12374181
5886529,5886512
10791198,10791185
3476372,3476388
4356541,4356453
13182587,13182589
13943598,13943587
3336453,3336530
2568597,2568634
8107980,8107978
5728731,5728725
3454230,3454201
3539687,3539684
9416653,9416654
6277491,6277496
3607060,3607065
2232524,2232517
13797765,13797827
10828865,10828868
3002650,3002990
1647555,1647558
4985719,4985717
3928997,3928989
4662285,4662287
3476998,3477019
10676901,10676892
11506678,11532153
3759534,3759489
4754543,4754526
6555234,6555215
10843057,10843048
4736806,4736802
3440062,3440101
4381120,4381139
12370627,12370936
4670357,4670341
5631464,5631423
9255392,9255401
13637774,13635804
12216600,12217858
1948409,1948416
13802011,13802019
3617806,3617784
13861798,13861792
13966301,13966310
3026142,3026100
6647351,6647358
10677949,10677947
5565943,5565946
10457298,10457424
5871444,5871519
2617397,2617398
3445277,3445291
3436249,3436101
6422331,6422355
4596434,4596432
5762437,5762431
13779046,13779178
11856178,11856174
10263868,10263714
13930870,13930888
3492529,3492521
2330780,2331019
13514291,13514251
2382284,2382286
5855378,5855413
2662140,2579038
4340362,4340367
12347260,12347249
4757431,4757423
5074840,5074830
5414112,5414001
13050545,13050538
11809424,11809436
4665559,4665551
10079674,10079714
3662936,3662926
2368988,2368978
6289691,6289667
2977263,2977269
13981148,13981031
1708210,1708211
13733053,13733067
3686431,3686419
5691907,5691890
4471738,3774674
4102049,4102040
3615579,3615582
6291007,6291008
13393980,13393976
2392488,2390000
4165078,4165045
3889444,3889473
7152999,7153028
5982991,5982973
4674145,4674144
13735219,13735225
3463175,3482439
2058279,2055879
2712946,2713019
13938804,13938796
4251097,4251118
6066931,6066947
3445698,3445691
1759031,1749408
2019432,2019421
3999312,3999316
4573999,4573988
3593827,3593807
4687920,4687917
10107248,10107243
2675232,2675224
13759884,13759874
5329051,5329057
4651343,4649464
13849263,13849209
13788543,13788553
405301,405298
9864179,9864177
4753093,4753131
3686947,3686957
13750733,13750713
11472972,11472971
12491298,12491297
11795848,11795816
13621861,13621838
10567078,10567074
3832609,3832428
4514481,4514537
3799677,3799060
1648019,1647709
13618025,13602957
4677063,4677083
10043831,10043833
13762805,13762822
3537826,3537747
11486723,11486727
683824,683828
5889664,5889663
4767217,4782127
11919808,11919811
9305764,9305761
13856228,13856227
5443141,5442004
5392231,5392244
4958488,4958731
8117698,8117673
5300136,5298280
11318656,11318650
13866983,13867036
5680559,5680563
3761934,3761919
13834683,13834712
11432477,11432337
6111796,6111756
9965152,9965151
13897393,13897399
8257491,8257494
6268994,6269019
4333057,4333049
4203604,4203599
10390039,10390028
13761414,13761458
4725145,4725129
5404858,5404807
110141,110138
12182959,12182960
13569690,13569506
1711071,1711072
8769982,8769981
5033688,5033697
1817209,1817212
13758536,13758506
2003806,2003819
13902081,13902089
13918709,13918747
4728651,4746855
6460136,6460139
13838754,13838796
6545391,6545376
13959371,13959368
13744067,13744061
13726620,13726651
1660367,1660356
13902619,13903265
5741216,5741285
371190,371192
13380657,13380655
4541797,4541803
4376725,4376748
9919742,9919740
2040450,2040291
3811873,3811870
1774249,1774286
13721307,13721416
5714612,5714610
6223703,6225094
9371472,9371406
13846123,13846100
11129783,11129773
4419974,4419964
6623532,6623518
5472166,5472157
4478038,4478078
11557099,11557100
12978026,12978019
3878828,3878823
13722622,13722610
10774907,10774960
4110508,4110503
8817826,8817831
12480968,12480967
8859256,9175839
4276126,4276154
3476115,3476154
5514349,5514350
117722,117713
4526786,4526875
3740070,3740033
6718937,6718939
13565379,13565232
3057418,3057624
3970470,3970432
5587317,5587319
10834249,10834196
5032449,5032452
4985065,4984909
13805116,13805099
10870762,10870547
2242037,2242034
10553445,10553455
13350737,13350743
13555458,13555487
12461756,12461770
6422123,6422122
6345242,6345252
3605714,3605697
5939057,5939075
13686892,13686893
11620991,11621025
10543752,10543749
4695527,4695528
4624477,4624480
5471588,5471591
1095149,1095156
1752409,1752419
4985687,4985389
4462309,4462243
4655596,4655593
2666236,2666234
10675677,10675749
6265636,6265643
10834172,10834717
6072522,6072514
8130770,8130774
3513280,3513225
1768413,1768447
13488500,13488496
5224100,5224097
10786134,10785778
9013133,9013138
13474968,13476122
2970941,2970947
11731482,11731477
6650741,6650754
13939575,13939713
1343029,1343026
5780105,5780109
3459750,3464583
3885325,3885268
5327707,5327651
11833403,11833406
3752298,3752286
4723346,4723353
4874642,4874656
10535211,10535213
6431043,6431502
12672766,12672949
3677562,3699587
13859871,13859877
13731475,13731384
2222223,2222222
11414166,11414194
3854879,3854843
2101415,2101414
6608523,6608511
2655047,2655046
8308249,8307776
6175566,6175585
4101923,4101919
6327431,6327958
13834973,13834978
4031715,4031718
3880855,3880859
1091122,1091121
1597986,1597983
2521001,2520848
6101166,6101171
11531867,11531854
2711873,2706969
1682807,1682831
5806779,5806774
13680752,13680652
3894988,3894803
9954248,9954244
11863871,11865414
9158098,9158120
13989459,13987097
3649476,3649467
4191878,4191879
3342699,3342766
5448532,5448519
12328412,12328403
3780668,3780670
3798777,3798772
10345081,10344884
1306191,1306209
5672640,5672667
9376423,9376462
13484440,13484437
2575537,2575627
11744534,11744530
5425888,5425887
1571040,1571035
10115704,10115709
1674941,1674934
11044147,11044155
6241551,6241033
5471278,5471302
10522656,10522657
4307434,4308731
3576877,3576687
12210573,12212128
13788190,13788165
10493617,10493622
5996308,5996296
12574455,12574459
5903065,5903204
4251810,4251807
3889030,3888992
4198804,4198802
5402161,5402156
4630315,4630347
3191062,3191051
8293983,8293986
4423467,4423447
6344855,6344850
13503248,13503232
9874106,9874130
4970549,4970550
4742145,4742173
3206389,3206434
8190090,8190088
5029637,5029668
4744286,4744318
3718853,3718855
6387965,6387972
13883519,13871377
5455217,5455234
3301122,3301125
6565741,6534475
4755469,4755430
6227576,6227598
11581956,11581965
5426997,5426995
788265,788262
3334712,3334713
13812464,13812463
11873067,11874275
13098286,13098301
13634180,13634157
3686513,3686518
5674575,5674528
4795930,4795917
4173999,4174131
12664472,12664469
3208835,3208837
3866457,3866537
5018950,5340276
13494164,13494166
13489243,13489448
592960,592343
4632114,4632135
5706129,5706128
12748615,12748992
9735209,9735206
4715428,4715425
4389189,4392513
900227,900223
5607437,5607415
5272405,5272397
2909839,2909847
8041712,8041632
11959607,11959605
3575897,3576239
6406814,6406816
13011605,13011568
5426827,5426841
13979579,13979580
5935410,5927991
1477551,1478628
13843524,13843535
4660587,4660598
8203590,8203589
4531759,4531729
5613982,5613988
12173025,12173028
2220506,2220474
6111750,6111758
5901752,5901882
2196705,2196707
6326306,6326299
3166442,3166445
11559453,11560004
4599161,4599244
4397963,4420322
5632359,5632542
11791174,11791175
2248445,2248455
7956620,7956625
10065100,10065810
1540764,1540768
4207101,4207100
13710871,13710895
13923512,13923543
6600143,6600067
2188072,2188070
6195147,6198964
10399299,10399327
6280288,6280290
13876732,13876723
13667181,13667177
6356699,6356627
11037124,11037192
6019050,6019047
4901097,4901103
3365064,3365061
2193298,2193303
9575278,9575094
4235852,4235880
7171922,7171926
6301696,6301697
4234818,4234696
4056616,4056628
11473526,11473497
13864307,13864338
5687529,5687524
3884915,3884601
2898934,2898952
10183846,10183945
13009290,13009294
3300612,3300635
4837267,4837258
1094380,1094373
5538069,5536482
6427804,6427720
5704461,5704455
5188893,5188917
4562319,4562293
2765692,2765699
3244832,3244838
1609514,1609522
1494935,1494934
4379306,4381641
1875874,1875902
2810213,2810124
6122970,6122921
3785900,3785901
8160240,8160243
477195,477215
13786606,13786588
8119263,8119255
13412649,13412646
8998702,8998700
12349586,12349589
3862711,3862744
2933710,2933708
2542126,2542116
5393167,5393304
9700591,9662090
6379999,6380038
5687644,5687639
5091956,5091959
13667748,13667786
10651894,10651923
6420784,6508232
10106502,10106508
5556108,5556107
13163069,13163080
1574587,1574509
13587584,13587600
13694838,13694843
3659065,3659027
9431403,9431401
13561744,13562012
4058845,4058840
5908771,5908780
6470713,6469570
9676010,9676000
10776558,10776544
12699008,12698857
742347,742356
10484806,10484815
3739002,3738968
13723407,13723509
2139656,2139684
13885440,13884271
5523353,5523278
13109540,13109539
3727143,3727140
13799890,13800000
13800302,13800249
11021207,11021206
11274027,11274026
2906909,2906911
13795827,13795845
4666903,4666699
10605239,10605237
11716051,11716043
11695854,11695842
11553817,11553780
3863192,3863240
13767071,13767065
4940816,4940811
4006970,4006967
12456172,12456107
13952037,13952033
1645743,1646348
5512966,5512977
5531959,5531948
10818454,10818464
5563373,5563379
2228780,2228795
5689816,5689642
13236875,13236872
3734120,3733806
4277980,4277927
4140779,4140769
5579175,5579465
4970513,4970512
4570447,4570865
13872143,13872010
4543478,4543457
6615673,6615648
4745729,4745698
8386705,8386706
3698771,3698760
13720344,13720340
4713439,4713468
3648626,3648627
3674548,3674535
4284114,4284128
3228951,3228957
5592840,5592842
4172094,4172085
3818601,3818406
13711089,13711104
3473943,3473990
9428766,9428763
5721352,5721384
5889636,5889644
4657687,4657695
1330181,1330170
5327228,5327215
13983207,13983184
452548,452552
5724030,5724053
4642498,4640329
12540899,12540882
13687713,13687451
13733096,13732985
2350687,2350724
11873675,11873671
3095702,3095698
13672701,13683371
4378099,4378136
4525300,4524017
12163247,12163302
13606907,13606945
2218923,2218920
2122966,2122977
4116886,4116888
11986654,11987919
13188433,13188425
6283179,6283171
13594666,13594662
13965759,13965602
3844181,3844186
9775236,9775245
5117448,5117452
3770655,3770661
11741890,11741900
11805807,11805808
3273488,3273557
12106372,12106591
4324530,4324533
13735489,13735478
5688997,5688991
3985601,3985598
3265181,3265177
6208788,6208794
11806262,11806263
2036268,2036273
1543557,1543549
12011952,12011948
1265381,1265463
13360895,13360890
3699406,3699496
10665646,10665640
5383913,5383887
2156231,2156266
11806941,11806936
6031109,6031079
4601129,4601136
540254,540250
13910808,13910806
6706846,6706876
11459843,11459839
3719865,3719832
13945865,13945824
7824979,7824978
6044089,6044087
1399147,1399145
13808462,13808506
2117465,2117456
6463224,6463219
5791944,5790108
6448988,6448989
5696611,5696486
12560166,12560171
4159573,4159566
4693483,4693525
474801,474775
12454684,12454681
9093976,9093942
4655334,4655323
5413443,5413465
13718639,13718601
6264045,6264044
12480383,12480379
3890179,3890181
4716370,4715312
2926176,2926165
4257576,4257525
2135495,2135489
5685033,5685036
9469227,9469540
13607738,13607447
13419515,13419394
3533825,3533860
4423682,4423711
4108167,4108267
3362210,3362193
10665516,10665528
11831803,11831794
4215030,4215043
13857754,13856332
4107014,4107032
11810519,11810598
13605234,13605225
6813452,6813453
3266702,3266698
8278053,8278055
13940975,13940983
13028959,13028954
8127982,8127980
13168222,13168251
1292988,1292987
6221605,6221617
3427621,3427629
10095966,10096001
11265601,11265602
3527074,3527117
1701208,1701199
13682101,13681815
3578103,3578063
11066413,11066412
13875741,13875746
11943370,11943371
3924189,3924191
11329070,11329064
3608149,3608205
10120689,10120681
4868362,4868345
7766784,7767953
3412053,3410847
2807579,2807581
2679933,2679915
12646278,12646300
13090404,13090398
10844632,10844641
13330818,13330854
4571528,4571499
5701515,5701388
10459437,10459430
4505464,4505457
13197538,13197576
3512695,3512359
6372987,6372997
5432201,5432199
13064189,13064186
11848991,11845435
6553587,6553560
6301516,6301511
6130515,6131228
779237,779231
5208813,5208848
13676894,13676893
5949527,5949520
2051009,2051033
2213463,2213472
5036407,5036420
553827,553824
13752725,13752766
524192,524186
4773042,4773037
6061846,6061835
5576023,5575873
4392274,4392270
13893341,13892705
3631361,3631481
3528410,3528403
6536830,6536803
9978282,9978479
230652,230655
4351592,4351588
6654806,6654561
5223476,5223484
3384181,3384186
11708920,11708944
3319285,3319326
4983696,4983701
12399402,12399396
3648552,3648587
4375550,4375825
13976366,13976361
4444454,4444527
5476208,5476530
10889422,10889432
7408583,7408576
13693872,13693887
12190992,12190995
13735294,13735269
5015073,5015085
6619486,6619467
13372768,13372607
6494637,6494634
5231364,5231381
13008523,13008525
3696208,3696211
4555584,4555588
3941061,3941056
5381552,5359583
8977748,8977750
5084439,5084495
3716170,3716171
1347697,1347699
3218775,3218770
7794849,7794856
3573364,3565379
10773611,10773604
4697738,4697737
3819718,3819748
6647035,6647092
4251762,4251755
4625725,4625718
3821189,3821130
11798892,11798891
4803449,4803466
3212424,3212102
109235,109233
4510732,4510757
6828252,6828248
3825770,3825787
3625083,3625046
6423588,6423581
6432037,6432030
13442683,13442684
5112518,5112491
1118797,1118795
6623275,6623281
2306676,2306687
12481329,12471815
13575120,13575125
572636,572603
5026277,5026275
13899827,13899790
3882437,3863794
11597040,11597005
10786417,10786411
3535898,3535890
11018523,11018559
8510294,8510288
5343839,5343799
3351669,3351665
1706622,1706623
12855622,12855653
5015205,5015209
4082293,4082262
4642159,4642166
8107785,8107768
5739529,5739539
6412762,6413292
1992912,1992918
4554678,4554688
2129602,2129624
13960376,13960390
10980189,10980198
13709460,13708958
9380120,9380085
2634740,2634736
3513401,3513403
4150759,4150723
3650947,3650952
6298582,6298576
4817572,4817223
13654484,13654479
1320454,1320447
10863091,10863072
4897579,4897507
2121637,2121635
13554916,13554930
5467130,5467131
6521134,6521129
2179207,2179208
7296253,7296263
13720976,13721065
258750,258743
12478221,12470840
13602471,13602468
6393533,6393518
3565919,3565743
13872642,13872589
13461324,13461354
8086684,8086678
2181417,2181407
2367110,2367111
3534517,3534556
13874533,13874496
3778136,3778445
1224531,1225854
3694541,3694537
13694939,13694933
3652643,3652645
13891123,13891317
4438860,4438935
227545,227581
27805,27797
4646685,4646657
7932859,7932860
997586,997589
13854840,13854820
3576162,3576156
6243944,6243863
13526703,13526691
3682441,3682458
2221097,2221110
5836178,5831886
6516608,6517065
4923464,4923455
434200,434197
13667690,13667818
5770300,5770303
5104805,5104811
5335484,5335474
6004196,6004202
12663129,12663131
5878603,5878570
9470430,9470436
5164606,5164624
11620436,11620448
12651155,12651160
347523,347522
8354177,8354182
13787697,13787478
5648554,5648553
6153695,6153729
5690113,5690237
9434590,9434597
11200799,11198918
5422319,5422325
3728333,3728335
1499187,1499189
13773260,13773266
11561025,11561026
3437485,3437514
6587873,6587856
12490171,12490203
13919472,13919464
2032590,2032596
9739414,9739411
13672682,13672669
4624394,4624380
5125905,5125862
1771923,1771927
11667378,11667381
4790550,4790594
13798893,13799040
7783839,7783845
2593517,2593513
12162211,12161953
6040706,6040707
13111421,13111422
5686258,5686254
12731477,12731481
6905714,6905716
4663064,4663243
13665046,13665059
3599710,3599690
10553858,10553847
7543646,7543678
4725581,4725578
12327617,12327613
5302252,5302255
3962436,3962437
13710645,13711413
6556523,6556599
2594646,2594647
11272592,11272598
1706611,1706603
4756034,4756043
7782206,7782209
12225088,12225096
4101554,4101557
3389064,3389208
11389076,11389081
3762885,3762913
11041148,11041225
13902972,13902872
13163331,13163313
6011862,6011870
2107860,2107852
308697,308694
9114072,9114071
13614752,13614749
4182951,4077792
4884045,4883928
5550046,5550062
13888118,13888135
11377106,11377099
9197427,9197426
11516454,11516462
12912359,12917187
4543180,4548496
4429115,4429102
3677964,3677958
2172751,2172743
2448662,2448674
5221245,5221247
3173731,3173728
9160514,9160523
3237021,3237022
2979128,2979126
6560550,6560559
3296344,3296328
2820537,2820536
2043129,2043139
10097336,10097314
4724137,4724133
4546761,4547735
5215140,5215201
13776918,13776782
13748359,13749478
10690044,10689705
3780570,3780573
13869093,13869089
13460984,13460848
6351636,6351624
9636685,9636722
13178858,13178863
10741813,10741812
13945329,13945319
2444290,2444285
1800816,1800813
